00010117
fe010113
520000ef
0000006f
00001197
d1818193
d1818513
d1818613
40a60633
00000593
250000ef
00000517
14850513
0fc000ef
198000ef
00012503
00410593
00000613
4e0000ef
0f80006f
00008067
d1c18713
d1c18793
00e78c63
00000337
00030313
00030663
d1c18513
00030067
00008067
d1c18593
d1c18793
40f585b3
4025d593
01f5d793
00b785b3
4015d593
00058c63
00000337
00030313
00030663
d1c18513
00030067
00008067
5e004703
04071463
ff010113
00812423
00112623
00078413
f8dff0ef
000007b7
00078793
00078863
d1818513
00000097
000000e7
00100793
5ef00023
00c12083
00812403
01010113
00008067
00008067
000007b7
00078793
02078263
ff010113
5e400593
d1818513
00112623
00000097
000000e7
00c12083
01010113
f4dff06f
00050593
00000693
00000613
00000513
2140006f
ff010113
00000593
00812423
00112623
00050413
278000ef
d141a503
03c52783
00078463
000780e7
00040513
36c000ef
ff010113
000007b7
00812423
00000437
00078713
00040413
40e40433
00912223
00112623
40245413
00078493
00041c63
00812403
00c12083
00412483
01010113
e9dff06f
fff40413
00241793
00f487b3
0007a783
000780e7
fd5ff06f
ff010113
000007b7
00812423
00000437
00078713
00040413
40e40433
00912223
01212023
00112623
40245413
00000493
00078913
04849263
e49ff0ef
000007b7
00000437
00078713
00040413
40e40433
40245413
00000493
00078913
02849a63
00c12083
00812403
00412483
00012903
01010113
00008067
00249793
00f907b3
0007a783
00148493
000780e7
fa9ff06f
00249793
00f907b3
0007a783
00148493
000780e7
fb9ff06f
00f00313
00050713
02c37e63
00f77793
0a079063
08059263
ff067693
00f67613
00e686b3
00b72023
00b72223
00b72423
00b72623
01070713
fed766e3
00061463
00008067
40c306b3
00269693
00000297
005686b3
00c68067
00b70723
00b706a3
00b70623
00b705a3
00b70523
00b704a3
00b70423
00b703a3
00b70323
00b702a3
00b70223
00b701a3
00b70123
00b700a3
00b70023
00008067
0ff5f593
00859693
00d5e5b3
01059693
00d5e5b3
f6dff06f
00279693
00000297
005686b3
00008293
fa0680e7
00028093
ff078793
40f70733
00f60633
f6c378e3
f3dff06f
d141a703
00050313
14872783
00079663
14c70793
14f72423
0047a703
01f00813
fff00513
04e84a63
00271893
02030c63
01178533
08c52423
1887a803
00100613
00e61633
00c86833
1907a423
10d52423
00200693
00d31863
18c7a683
00c6e633
18c7a623
00170713
00e7a223
011787b3
00b7a423
00000513
00008067
fd010113
01312e23
d141a983
01412c23
01512a23
01612823
02112623
02812423
02912223
03212023
01712623
00050a93
00058a13
00100b13
1489a483
00048c63
0044a403
fff40913
00241413
00848433
02095863
02c12083
02812403
02412483
02012903
01c12983
01812a03
01412a83
01012b03
00c12b83
03010113
00008067
000a0c63
10442783
01478863
fff90913
ffc40413
fbdff06f
0044a703
00442783
fff70713
03271c63
0124a223
fe0780e3
1884a683
012b1733
0044ab83
00d776b3
02069263
000780e7
0044a783
f77796e3
1489a783
fa978ce3
f61ff06f
00042223
fcdff06f
18c4a683
08442583
00d77733
00071863
000a8513
000780e7
fcdff06f
00058513
000780e7
fc1ff06f
00000593
00000613
00000693
00000713
00000793
05d00893
00000073
02055263
ff010113
00812423
00050413
00112623
40800433
010000ef
00852023
0000006f
0000006f
d041a503
00008067
000028b7
00000693
11100837
11140537
00f00593
05000613
e0088893
00000793
00f6e733
00e82023
00b52023
00178793
fec798e3
08068693
ff1692e3
000018b7
00002537
a0a88e93
111006b7
11140737
0e000613
a3288893
28500e13
0e500313
04700813
c0050513
01d6a023
00c72023
0116a023
00c72023
01c6a023
00672023
00400793
0807e593
00b6a023
00c72023
00178793
ff0798e3
40000793
0047e593
00b6a023
00c72023
08078793
fea798e3
fb9ff06f
00000000
00000000
00000000
00000000
00000000
00000000
00000000
00000000
00000000
00000000
000008ec
00000954
000009bc
00000000
00000000
00000000
00000000
00000000
00000000
00000000
00000000
00000000
00000000
00000000
00000000
00000000
00000000
00000000
00000000
00000000
00000000
00000000
00000000
00000000
00000000
00000000
00000000
00000000
00000000
00000000
00000000
00000000
00000000
00000000
00000000
00000000
00000000
00000000
00000000
00000000
00000000
00000001
00000000
abcd330e
e66d1234
0005deec
0000000b
00000000
00000000
00000000
00000000
00000000
00000000
00000000
00000000
00000000
00000000
00000000
00000000
00000000
00000000
00000000
00000000
00000000
00000000
00000000
00000000
00000000
00000000
00000000
00000000
00000000
00000000
00000000
00000000
00000000
00000000
00000000
00000000
00000000
00000000
00000000
00000000
00000000
00000000
00000000
00000000
00000000
00000000
00000000
00000000
00000000
00000000
00000000
00000000
00000000
00000000
00000000
00000000
00000000
00000000
00000000
00000000
00000000
00000000
00000000
00000000
00000000
00000000
00000000
00000000
00000000
00000000
00000000
00000000
00000000
00000000
00000000
00000000
00000000
00000000
00000000
00000000
00000000
00000000
00000000
00000000
00000000
00000000
00000000
00000000
00000000
00000000
00000000
00000000
00000000
00000000
00000000
00000000
00000000
00000000
00000000
00000000
00000000
00000000
00000000
00000000
00000000
00000000
00000000
00000000
00000000
00000000
00000000
00000000
00000000
00000000
00000000
00000000
00000000
00000000
00000000
00000000
00000000
00000000
00000000
00000000
00000000
00000000
00000000
00000000
00000000
00000000
00000000
00000000
00000000
00000000
00000000
00000000
00000000
00000000
00000000
00000000
00000000
00000000
00000000
00000000
00000000
00000000
00000000
00000000
00000000
00000000
00000000
00000000
00000000
00000000
00000000
00000000
00000000
00000000
00000000
00000000
00000000
00000000
00000000
00000000
00000000
00000000
00000000
00000000
00000000
00000000
00000000
00000000
00000000
00000000
00000000
00000000
00000000
00000000
00000000
00000000
00000000
00000000
00000000
00000000
00000000
00000000
00000000
00000000
00000000
00000000
00000000
00000000
00000000
00000000
00000000
00000000
00000000
00000000
00000000
00000000
00000000
00000000
00000000
00000000
00000000
00000000
00000000
00000000
00000000
00000000
00000000
00000000
00000000
00000000
00000000
00000000
00000000
00000000
00000000
00000000
00000000
00000000
00000000
00000600
11140000
11100000
0000000f
00000600
